0.00028752168879362023
0.00024577743344778854
0.00026712668864453334
0.0003061941085290328
0.00027627283326166007
0.0002923046341198509
0.00033052977200894004
0.0002942673436910634
0.00025620201522124524
0.0001819387481137472
0.00021842193872107939
0.00018056919951212825
0.00022632925928154447
0.00021598609686648832
0.00023754337403374484
0.00021438261763680373
0.00020186137822776967
9.49036365561564e-05
0.00020031070276824853
0.00020079281208758407
0.00025027343516297447
0.00024745755976247853
0.0002502981162650812
0.00020706767206205026
0.00019104204037766567
0.0001858550173174032
0.00013382543311463458
0.00021156078380283474
0.0002461410544000466
0.00022804819823932752
0.00023410471542519723
0.00024646778719634825
0.00018921277919896362
0.00026631802524178683
0.00017976867657256383
0.00013059027553997114
0.00021058270328811352
0.00022526695715283993
0.00021931745524461651
0.00024901335639697933
0.00021132247530949487
0.000226447600074995
0.0002472604281067608
0.00020206345688945066
0.00010603139397853339
0.00026338834985766745
0.00024207571249405425
0.0002550034036993763
0.0003052937291722623
0.00025065360481414553
0.00023181962315386903
0.00027251685543270757
0.00028978317264040403
0.00029987858212452887
0.0001701389882012275
0.00020122898453930565
0.0001650816028400288
0.0002912718850974818
0.00017484126990278937
0.00015944845584888633
0.00019711298374966983
0.0002013546676258281
0.00013364397364048868
0.0002619390689732849
0.00023935894586524074
0.0003039738748405988
0.0002927874880272178
0.0002730155658769506
0.0002496458932756066
0.0003030576780073625
0.00031815442048872827
0.00029676768269632685
0.0002892507169310819
0.0003407304546434542
0.00031327327042298563
0.000345191010209548
0.00032437870364626577
0.00032888324880787093
0.0003111825183956008
0.00034296816830610004
0.00031780139585670217
0.00038122783221321277
0.00033167698842719945
0.0003594257496372274
0.0003487066899808156
0.0003688559893051688
0.00041983200156733223
0.00036231968270984693
0.00031726239792797785
0.0003256430020716009
0.0003975940378637104
0.00040266649345755285
0.00043651030798449715
0.00036967175474384193
0.0003730343468626263
0.0003896203942520485
0.00039952069559951787
0.00036643767370178284
0.00033956712930219285
0.0002428111888251095
0.0002382509407475791
0.00021965213728968814
0.00022108120614840188
0.00023994246996841527
0.00022015152731500573
0.00021509693895543902
0.00024115085417543642
0.0001827612002510102
0.00023732519627265965
0.0002862345032082606
0.00022264657354816386
0.00021427426157624152
0.0002478953217902133
0.00029491001444376954
0.0002476454454134014
0.00024831653283811375
0.0001636970970029555
0.00024412836392838916
0.000290187882062087
0.00020927083461076609
0.00022241788589251457
0.00023634507160411055
0.00029433301323342003
0.0002481859818152858
0.0002462309670855124
0.00012588060219384149
0.0002187395767724718
0.00021760407857613243
0.00021426018506628245
0.00021083153052384857
0.0002677220860004441
0.00018970340005542837
0.00021937384245069764
0.0002255059185417585
0.00014815103862790032
0.00030909581391425046
0.0003241536724803003
0.00034393799802088555
0.00027641016082663667
0.0003118312932414335
0.00042445436739847964
0.00032338309552224214
0.0002939393622437986
0.000344304247769158
0.00029981889262701645
0.00026719036701127336
0.00024596125337047407
0.00025176546807801866
0.0002553596365178988
0.00022763013055199054
0.0002766831430194678
0.00027630584335910875
0.000273610579086147
0.00031859528089267405
0.000298562294262385
0.0002899795710126343
0.0003030974457893296
0.0002892588925692508
0.0002938889287952168
0.0002908972719987945
0.0002929811853260892
0.0002627724264881653
0.0002764979277156805
0.0002864750387482225
0.0002806835831331333
0.00025102830500596665
0.00023664480312564703
0.00028456776592501916
0.00025684183884996605
0.00024796079963018496
0.0002628594644489712
0.00025127203665788065
0.00025965919740589765
0.0002565162984818941
0.00022403880849632005
0.0002430211879939779
0.00027114933226776006
0.0002481137248297666
0.00021271563385001453
0.00022756905162805207
0.0028872187905121145
0.0002093055137105707
0.00030006846375013184
0.0002232272687570353
0.00023490302167982906
0.00023989027193942815
0.000239521348409446
0.0002645899343581053
0.00017914879554472137
0.0003356387517740646
0.0002867044331539421
0.00021691025962340105
0.0004249976437876167
0.0003268621569375379
0.0003187674256440212
0.0002490705697973849
0.0003329040189404014
0.00013153242907408582
0.0002631111841308979
0.00023937252898006235
0.0002341485306958521
0.0002562172969826968
0.00023624887939007047
0.0002264248827070702
0.0015299322052556245
0.0002363911283991401
0.0006480004814565041
0.0002573024406721958
0.0002323768864913441
0.00023970147789544667
0.00021947290599920547
0.00024223014342913054
0.00016936387643793005
0.0002530441333372393
0.0001775291851090013
0.000155868632239746
0.00028183176469682547
0.00031070826854326513
0.0002567517770716146
0.00034738092863567037
0.0002888136471962845
0.0016460212340561537
0.0003182008431759584
0.00023580394523706582
0.0001503511949952233
0.0002427665232080535
0.00023536935880479894
0.00023444699084869665
0.00024032156277406795
0.00024860728982605
0.00021541353476753027
0.00024259787621904802
0.0002500810279984251
0.00024128649436091622
0.0002842703805512168
0.0002495313032140625
0.000249393234545474
0.00021746089888711445
0.00020527162273855496
0.0002890092214834982
0.0002549535791164788
0.00025531050561950055
9.576038936125264e-05
0.00029734899080292035
0.00021325453016492296
0.00021381823078912835
0.00023303289335785743
0.0002056099510044323
0.00024250279104139722
0.00023091732313303197
0.0002094951501432197
0.0001402570466993411
0.00025252753514075734
0.00025468009737860656
0.00024135786026802195
0.00024577962863536913
0.0002736745519180495
0.0002734645460634198
0.0002455488677084527
0.0002769971504879308
0.0002073013266448332
0.00032340101840145616
0.00033538807440865295
0.00030564843410000274
0.0003227344728112911
0.00032410212292887524
0.0003237713683049806
0.00032807315802637786
0.0003326046441349705
0.00029932783814204877
0.00033261478864896217
0.00033889791978457983
0.00033846384556552114
0.0005954709501671672
0.00034714053760140503
0.00035228665030543455
0.00034092134311009746
0.0002946526057513957
0.0002469320918842553
0.00047617697364745864
0.0003248412868196538
0.0003864863172395386
0.00034896792652810196
0.00035927957611885293
0.0006317846656391661
0.0003021107355645595
0.00036999456111829333
0.00023180095883625938
0.00021815305356108838
0.0002298314672659094
0.00024467988435936583
0.0002136824169749077
0.00023108010723910314
0.00019009408784424409
0.00020810743162990827
0.00019165395655122624
0.0020213646085522575
0.0002409649787050624
0.000238975539738829
0.0001979900393916611
0.0002299286469223337
0.00018382478109540065
0.0002051592961588488
0.00021927658262932293
0.0001447472773244723
0.00015910458694268591
0.0002478390136636456
0.00027797803494682507
0.000302547215400354
0.000299740203301618
0.00026529610113680974
0.00031097349093751355
0.0002986236477649609
0.00025944712994927606
0.0001662001180969763
0.00028333575377131144
0.00023628612272088174
0.00020139585346976772
0.000255838572138035
0.00024400930869913066
0.00023241367748254768
0.00019957769674540775
0.00022758956365709611
0.0002556726991300052
0.0003055926903940951
0.0003705483157131342
0.00026340157970522053
0.00029253687631705487
0.00028960087948248255
0.00037124574938085807
0.00032906440429821064
0.000321763364543791
0.0002873353636916309
0.00022150585312299677
0.00026605094887695654
0.00028230373746155604
0.00024319557929998966
0.00023907222063331663
0.00025278863217574935
0.0002406365241721382
0.00024113404534653154
0.0001964084876023948
0.00024639108848401687
0.00022564302567880176
0.0002561367031663088
0.0002704898834162757
0.000284511813259819
0.0003011163718714824
0.0002282769276368308
0.0002673500652258169
0.00020912246814765729
0.00034742310481346387
0.0003392350880090692
0.00038491917047583425
0.0003366943211842014
0.00039652892424013445
0.0003818397944851869
0.00032256186453721885
0.00029499821242345506
0.00033845690243067186
0.0002696514342606929
0.0002212055997204341
0.0002442517021836081
0.00021192308492635806
0.0002881655887369591
0.00025863873139213013
0.0002478303132561304
0.0012116837133665402
0.0012540382775293821
0.00021146242499280683
0.0004997702073794273
0.000244786688198548
0.00023026886547542968
0.0002986053240815453
0.00019905990185645493
0.0002652079185115713
0.0005774330028835768
0.00013233741696415808
0.000266211096939297
0.00037424637573767454
0.00029726051799442094
0.00026613915917960036
0.0002939773144993875
0.0003035526967561805
0.00028714636176213886
0.00023813679723587198
0.00015101729224590468
0.00026197641535076124
0.00026330194632297275
0.00029656466516504785
0.00028210225860750423
0.0002952535995546479
0.00014839912068556304
0.00023503625688471846
0.00015778816638989073
0.00013768716755593175
0.00023219068878198548
0.0002108475159267556
0.00020453303770404753
0.00023664396908504407
0.00022316632137880563
9.587337332412771e-05
0.00021210902824513728
0.0001312450068295419
6.781061453077314e-05
0.00032136787051950205
0.00034397095477130155
0.0003005759256937422
0.0003340133051462539
0.0003697829655129087
0.0003412211385720942
0.00034571004639654844
0.000315693358827537
0.00032342459632492986
0.0002621329568717794
0.00028190243259165493
0.00023310731136957913
0.0001903367504844156
0.00023805646705809985
0.00020467796244503662
0.0002437374338195049
0.0002810068986086426
9.584369965465172e-05
0.00032155977229729986
0.00025074857716375404
0.0002826414708676171
0.0002482381998563486
0.0003399153722345114
0.00027999864110618913
0.00036114944598108833
0.0002402104755342992
0.0001494332686089186
0.00021945584905609802
0.00028798792324640215
0.00023736992488298015
0.00027656601532137514
0.00023090110832478156
0.0002726477473957511
0.0002345458044621013
0.0002390644169241474
0.00013749679689291662
0.00026964574501288813
0.00027605678965483946
0.00026774449641234037
0.0002866809577389616
0.0002901262683243945
0.0002963076313501525
0.00027688002552489564
0.0002597809429416777
0.00020554824848539088
0.0002237366201055549
0.0002487656872102379
0.00023810477680004816
0.00020527900482671823
0.00019767159551670134
0.00021390932608813452
0.00021239096751486598
0.00025255272989712393
0.00014283813348719447
0.00019122017455411335
0.0002385787923814509
0.0002315599523006593
0.00019699479821446203
0.00020548419149144805
0.00023092226987146211
0.0001827940763335316
0.0001812428464539419
0.00013135684383733758
0.00028276991009280655
0.00029322498655425753
0.0004616318367362423
0.0002944968425609377
0.00029982426668674904
0.0003029449071991844
0.0002718219387723602
0.0002829611371653655
0.0001930217524884782
0.000192463383589692
0.00016688782552108766
0.00022902818271952106
0.00020525805412173457
0.0001980492163604987
0.00016145903698575132
0.00022820358027699975
0.00014622709301735464
0.00014954960918270074
0.00018900105949857263
0.00021909628749618027
0.0002054229368460214
0.00019745293006574288
0.0002191758920717959
0.00015023755225573857
0.00020872107653525706
0.0002012118928430449
0.00015922539760968344
0.00037914868692948324
0.0003873298738349211
0.0003927061999306117
0.0003801933088341607
0.0004018343053454168
0.000367462306213518
0.0003101778660354995
0.00037039895686590007
0.00037072675647254383
0.000303333530313595
0.00031878977883636247
0.0022908528816747518
0.0002667111757201277
0.000276573257696002
0.00022887806954397218
0.00023481497538030592
0.0002332088983974831
0.00020429243519792939
0.0003042003011278051
0.00027760199769059115
0.0003320775158103705
0.00030501755480040916
0.00028375085853519
0.00028912857453425
0.00029338239109228965
0.0002923870057144959
0.00026982971525862156
0.0003122512856763311
0.0003358190812041531
0.0002968781813044423
0.00025285963447744213
0.00028755177759409256
0.0003273598198531587
0.00034412327549477613
0.00029675455577079005
0.00019144587321925238
0.00029200371117535216
0.0003214233382603809
0.0003064840837460373
0.0002773771972975536
0.0002840427431558645
0.0003679936246145813
0.0003111208369176183
0.00037058864947546384
0.0002888999579793517
0.0001938294256042047
0.00022285025133628232
0.0002094789310507924
0.00021311269172212183
0.00024567694557736696
0.00016659111495442118
0.0002051980362600337
0.0002064875814264348
9.673913394438943e-05
0.00026493372879168316
0.00026237304364992026
0.00021813982934991096
0.00025753273750731974
0.0002475249120710447
0.00022345662251434915
0.0002507460642231462
0.00019379317884077614
0.00011730485552741233
0.00038089146727699255
0.0002398679653578566
0.00022653879734515668
0.00026945354641790616
0.0009154128947706048
0.00014311924381309952
0.000285333625639446
0.00012554298592803813
9.934434407022357e-05
0.00024886690383588703
0.00032426585974099526
0.00024434119839696864
0.00031697315407999883
0.000275151838747236
0.0001826653972114626
0.00030049414007262407
0.00013869959158374238
9.081313518756537e-05
0.00021528916017694424
0.0002955396229303371
0.00023773878651274863
0.00024459067695902723
0.00022606161085017389
0.0001500178623153856
0.00026555519111935916
0.00016045818714863257
7.109010808116136e-05
0.00032757169546944606
0.0003456117332244224
0.00036923583883715543
0.0003315387447016554
0.0003499676936285346
0.0003197659538851987
0.000383897154332465
0.00035870785623891977
0.00032840147683994814
0.00022669349437318115
0.00021835402240114794
0.0002006604837938821
0.0002055869945599621
0.00021944686583980118
0.00020362415661378782
0.00019424984635641767
0.00018526385175228976
0.00010673157099924594
0.00023160893949975643
0.00020714007158382808
0.00023014637897279526
0.00020593449779185603
0.0002061542501559387
0.00017147481830256296
0.00022415270052861957
0.00020000667994208904
0.00014416629807672854
0.0002530122164727492
0.00022056303287258433
0.00021286030105302115
0.0002636529127165305
0.00023278022000939225
0.00023900100233183017
0.00022540266343772737
0.00022929227273658042
0.00013074210059778327
0.0002296208210398791
0.000247573987522349
0.00021629812730854112
0.00025055987969621824
0.00029116262945353685
0.0002597257712378935
0.0002790909206957856
0.00026364582349582916
0.00019373123110842988
0.00023616335217481075
0.00023077427425659364
0.00027625286002231286
0.00020195377799452278
0.00021405470106407843
0.00026274898492350954
0.00019073550516162188
0.00026707795406116075
0.00013283195764159767
0.00021883866865897924
0.00025398149599503104
0.00024560596752456354
0.00022876400639100882
0.000256804543478025
0.002588980468052934
0.00020781343142200893
0.0002449195045338675
0.00016817004969724766
0.00024894788439708867
0.000290605317012045
0.0002800214034397032
0.000270594444239115
0.0002645272631541416
0.00024202327784852802
0.0003055122809089481
0.0002215222567814619
0.0001901793376082612
0.0002025131344407676
0.00020538303487245704
0.0002060247455299306
0.0002293963972440788
0.00021502363498960292
0.00014584445654917228
0.00026600333529091293
0.00018914604976253045
0.00015662967242097562
0.00023234134380086688
0.0002091298117380338
0.0002329312947344681
0.00020796379636094502
0.0002552010682791893
0.0001729503142215545
0.00021828458930852072
0.00014545642821446502
0.0001712631675776452
0.0002477254933022383
0.00027536400148220867
0.0003020111427550693
0.00027550831562377147
0.0002833278333770566
0.0003201243525169561
0.00032088500581840666
0.00027181211321598674
0.00022917719964321662
0.00034544601473962875
0.0003017107771389323
0.0002809795558655779
0.00029435563720805867
0.00030590948622125476
0.0003213031380527647
0.00036151705390896323
0.0003019385347806985
0.00027351687437264185
0.00023187547506148447
0.00020195195950434215
0.0002367761656206072
0.00021451803660739178
0.0002399268219997929
0.00024336267802117865
0.00020245838869140887
0.00021606151460294476
0.00017765399024782357
0.0003098752750126075
0.000278333122974796
0.00027105331796008106
0.00038830196575044535
0.00033154504371270363
0.00031961047125036665
0.00033535689741496486
0.0003060994569309513
0.00013272330894478917
0.00029737454993130437
0.0003092893769002428
0.0003067445312797401
0.00027375153346131107
0.00030724527298400724
0.0002903526348986939
0.00030645922239194966
0.0002956445684477224
0.000201476545606096
0.00022673138071823575
0.00017841834334210172
0.00018826738508225029
0.00021692432671702132
0.00021308400582987678
0.0001838456020808432
0.0001911067795060596
0.00023118269569759664
0.00012029389278876644
0.00023880492111440723
0.00021687368723226098
0.00024856918450193524
0.00021978743710137028
0.0002866390400626182
0.00015734435482314294
0.000311823141449493
0.00011827404943712735
0.00010863475006939859
0.00020871516824415274
0.0002071391372786085
0.00019088404688643814
0.00022685121776909548
0.00017944622870764892
0.00013494769528562875
0.00021861678700343379
0.00010931483965539214
7.661473605424531e-05
0.00024244977318601494
0.00022907732697988458
0.00020691832271573247
0.00020244593220942068
0.00020133424738393832
0.0001203940638506547
0.00022334756437653963
9.692777207824791e-05
6.622432086525966e-05
0.0002603946824293834
0.00040430965408885653
0.0002740191727699671
0.00020879800100837882
0.00022091378451202199
0.0001033229435770746
0.00026492139180335104
0.00011954532307593267
7.598361618177059e-05
0.0002819568721259549
0.000209441784304103
0.0002490943197924374
0.0002582346869352497
0.00025488911421024896
0.00023268070224618327
0.0002853225005517752
0.00024583805431812656
0.00017977722264178394
0.0003024129244673325
0.0003169152904972063
0.000316122144325001
0.0002830162189650917
0.0002772266092080749
0.00025602938265144803
0.0002855606773954826
0.00022911096307331436
0.00011500420881118607
0.0002081188827588917
0.00019998793552484162
0.000201576533040386
0.00020938323783284828
0.00022552774038290708
0.00021548894004169494
0.00022279274490278245
0.00023267331447267433
0.0001452216498298133
0.00024286599419697855
0.00029890042562407315
0.0002874693551098161
0.00029716038217563124
0.0002986463631665825
0.00024703607151388104
0.0002194113094256524
0.0002633380273299172
0.00017257736870556067
0.0003255635323976643
0.0002935113936802462
0.0002931932384742329
0.000330144493770826
0.0002851088638637456
0.0003219157977199793
0.0002993752244947571
0.00033930624588468565
0.000163393565630508
0.00022109499273049557
0.0002431211382307469
0.000220729625055239
0.00024127988404529295
0.0001990497854556094
0.0002283544324991651
0.0002452375917490388
0.00022208180013809416
0.00013491581982258354
0.0002773575286844762
0.00027361392356674584
0.0003061110156179037
0.00027920138952938013
0.00027411916512996154
0.0002807396270189425
0.0002894051318485736
0.0002578182328325549
0.0001846816760398426
0.0002891465172031526
0.00030687120320307796
0.0002916416388760382
0.000303893088800459
0.00030081912357501293
0.00027631283207507786
0.0002634205864747218
0.00028541439906664854
0.0002325430993637076
0.0002861891540985831
0.00021967041035082248
0.0003026958428709778
0.00025344337105223696
0.0002650876290000289
0.00017153408009005093
0.00023352403319212102
0.00020140464798874616
0.00015695729648721702
0.0003712052236121455
0.0003082236681792584
0.00025949255013785097
0.00034862438162794036
0.00037065840033487614
0.0002874873571301259
0.0002708947124035084
0.00024473184841500723
0.0002715744563404448
0.00029884040997941064
0.00027191037460047015
0.0002738632925070043
0.00026368979975315617
0.0003192960494385211
0.0003111314628733731
0.00025598672727645476
0.00026745521859951354
0.000304735400383775
0.0003159019175983799
0.00028714373632232203
0.0002720452685589511
0.00026988545815406014
0.00031494456836113056
0.00032843141628739
0.0003032579695797231
0.0003398276619030027
0.00020356233229471555
0.0002251676453257268
0.0002357605075936498
0.0002228163915449967
0.00021839816099648374
0.00015209646857474105
0.00021883937371044098
0.00016999244280533295
0.00018734453764381924
0.0001650518845439652
0.00022803591325291748
0.00026056452883576806
0.0001983554295214536
0.00024251699349742318
0.00024279005629893323
0.00022511345195219375
0.00022102434906440399
0.00019670251589347428
0.0001288735114074921
0.00024258983327846763
0.0003163314997221739
0.00032232646232284315
0.0002845170822405533
0.00028246535439525834
0.0003200100025055329
0.0002845803245564556
0.00026078638952326395
0.00015440604078751442
0.00023907282337474605
0.00021681163630783392
0.0002147505247647917
0.00027298508024103984
0.00024975879666362655
0.0002042871573588342
0.00024342553678509803
0.00022900468988745607
0.00023512870332871892
0.00021526239105812192
0.00021816800558291182
0.00021652075115726366
0.00027720594875641006
0.0002494055146871474
0.0002517357260319364
0.0002345927958075571
0.00022626662321633006
0.0002748028618978548
0.0002949965331771675
0.00030987030926672357
0.0003419648842104864
0.0003613414374478912
0.000351389640528338
0.00036039669763283455
0.0002976721108149468
0.0003389567079948217
0.0003179968273423029
0.0002745293594433982
0.00026708306642348384
0.0002483947584164715
0.00024682779897957887
0.00025432779863394017
0.0002863844738540471
0.00022519626498603153
0.00023212952733538022
0.0002139211087639948
0.0002513978604795945
0.0002019638296687077
0.00021408097318415756
0.00017921142679934045
0.00019873017747187456
0.00021921779368578865
0.0002027045555831991
0.0002106714940793631
0.00019338052759311985
0.0003590683588405426
0.00033137582804342074
0.00037032432005080785
0.00031090840630978295
0.00037320192514845327
0.00035039500081346977
0.00036002308518886665
0.00036242458469191237
0.0003785201226101008
0.000326615014138768
0.0003846448129065768
0.0003298844181164682
0.00035844469147628836
0.00032054678337808517
0.00035436248609536274
0.00033466334425061057
0.00031670391446900946
0.000326337938878243
0.00024938918607568755
0.0002581960381211755
0.00022001435131864717
0.0002828881941058404
0.00024123323171686557
0.00029342148269882436
0.0002583643014934102
0.00025785407204959157
0.0002474521510805198
0.0002743052726143256
0.00039276983420108024
0.00027493040311364397
0.00036386300651228254
0.0002905373362882819
0.00031267841382033807
0.0002781143306702097
0.0002571198849447828
0.00024913375211308553
0.0003522328658173497
0.0003111214704702968
0.0004672865640450189
0.00042528426299946444
0.0002762450999997592
0.0002655979854815143
0.00029960176532955345
0.00029714564831955593
0.0002939948136292417
0.00041069667499807024
0.00038262404557359744
0.00035403059226855866
0.0003807318769353055
0.0003501738562125827
0.00034734869153819003
0.00035862330363953395
0.0004186265759545343
0.0003481356248475048
0.00018206698466310904
0.00022257633670815543
0.00023538554670150065
0.00021956498963316345
0.0002038320315705871
0.0002721248500845665
0.0002155783354828044
0.00022620990534351733
0.00019936281667139072
0.00032153795083490684
0.00028003742366749786
0.0003131377159488732
0.0002349724071760858
0.0002547736163727166
0.00027274931048635025
0.00028370947909251695
0.00039008380482399884
0.00028208802942923325
0.000326844439586333
0.00025161379581678403
0.00030525032624828616
0.00028925659406017973
0.000334414227447395
0.00024363298877950722
0.00026280959821541847
0.00029886865974430507
0.0002460722626557962
0.00020519952032850515
0.00018771033695088845
0.00021236917823060078
0.00020872411661302642
0.0003776456532437748
0.00025904820174524736
0.00019633086802147578
0.00023124838415237813
0.00020272743977070438
0.0005516028306769726
0.00041817087094960133
0.00041896502799470235
0.0004876826041939443
0.0004184243265087436
0.00046352936898266806
0.00041891088009191594
0.0005557280990513802
0.0005221477494013114
0.0002624749412544335
0.00022388849903754327
0.00021339465162027922
0.0002137163054289919
0.00019976025273332667
0.00018990526776219185
0.00026911990893037845
0.000262713433828969
0.00021464986265477
0.00037542806687618853
0.0002550958576707571
0.00031543503264047965
0.00027095471589998085
0.00026725971285857105
0.0003163553570260133
0.00030169524968476894
0.00031027349043259066
0.00030186751521887704
0.0003181693743036443
0.00028507567826362536
0.00045993624625796897
0.0003210172295623876
0.0005719409876823881
0.0003635729465544904
0.00039586914083696506
0.00031731114631947116
0.0003180517362649671
0.00038053708940688437
0.0003467800955828646
0.0003577453738553258
0.0003614333117502196
0.00032320247913517357
0.00037499028321823225
0.0003632451110557732
0.0003945843873459905
0.000413583802723733
0.00020867348640718727
0.0014367228282489526
0.000184005982845121
0.00020226331442415042
0.0008140771979819422
0.0006332641544812195
0.0002065163408666343
0.0002271171140990279
0.00021021550325063776
0.0002756997490317116
0.00022244322397450044
0.0002501467277220268
0.00024811452112250703
0.00023961057892098067
0.00023801708037524667
0.0002783931251120617
0.00023874236585933682
0.00012638597222685376
0.00026389714277131183
0.00023822403709894315
0.00021125044662279892
0.00022503627946312473
0.00021941978153106173
0.0002149707438088396
0.0002349686851311959
0.0002688659955032184
0.00010115854094103846
0.00021765768240049416
0.0002318825992909909
0.00019776103657566217
0.0002875026493491342
0.0002516948875465901
0.00021830682218165677
0.00019503683485629853
0.00020916030464708754
0.00010879904367578372
0.0002604015560946092
0.00027193313470774206
0.00026305607236610666
0.00032817318124471896
0.0002924306490442171
0.00029318889663660616
0.00031534459364598215
0.0002472230801520511
0.00013456019632302464
0.00028712104711923743
0.00027981364689410335
0.00029313058720788595
0.0003145110455084388
0.00031817495588793744
0.00032834711383237386
0.0003660314489154235
0.00028372259485264916
0.0002821787451508813
0.0002358471839128741
0.00022767470063477665
0.0003205682764445103
0.00025013934762015686
0.0003056794474590855
0.00030168800267539543
0.00025946506873749997
0.00023229666108277714
0.00019014449743002447
0.0003143307875583746
0.0002476307926377818
0.0005202533982068388
0.00023421170228227203
0.00022031847830445719
0.0003221089357521552
0.00026480173803586506
0.00027832804778963374
0.00023796499470931322
0.00029344821438743985
0.00023765957950239505
0.000288012287618149
0.0002852502964541949
0.00025617679466793556
0.0003005211966503321
0.00025518798414469806
0.0002700616515853717
0.00026361583311694005
0.00043715846696262996
0.00039809074235494757
0.0004102700069195603
0.0004179504992853877
0.0004186271783904108
0.0004149669282111747
0.00034897808596198764
0.00038762368831743194
0.0004163479605810384
0.0002771434661092066
0.00026322380216251587
0.00026574144027513254
0.00022715365474874018
0.0002346669375825907
0.0002626202023569634
0.0002681974094421727
0.0002669354973846581
0.00024757811945792807
0.00034831251389486875
0.0002662728123249531
0.0005805744493336805
0.0002906436210283167
0.00031281791200504886
0.000309550924073319
0.0002864359430465894
0.0002768422113806486
0.00023183249745695916
0.00026110023204850325
0.00032582982647074544
0.0002729921514281415
0.00022447884449921848
0.00033219561329121574
0.0002528119870543171
0.00025070318196071257
0.00024204932780050675
0.000226020469167892
0.00027075499460855925
0.0002519148660116574
0.00020311951135034778
0.00021591397194287225
0.00021908072022189316
0.00023484031355926213
0.0002920222979779341
0.0002751788941821851
0.00017311996199622588
0.0002639793324299923
0.0002806699565965773
0.00021095741594757245
0.0002510367879286331
0.00028883826375352914
0.00026827837888209426
0.00024378617120745093
0.00029784910791416717
0.00018882310352035396
0.0003511719121364428
0.000309999854083622
0.00034045215424295433
0.0004479237444459447
0.00035246110035582466
0.0003402454677371865
0.00034059304654816505
0.0004896225162554614
0.0004267818189620833
0.0003881343136618245
0.00042765515928076955
0.0004969144812303871
0.0004050286198293343
0.0004390132360809541
0.00043470148324152417
0.0005976931322619423
0.00042329562817126334
0.00036973654574509594
0.0002473804670901211
0.0003137898081770589
0.00029809715312522413
0.0003307605790918325
0.0003671945981587103
0.00031269756953409905
0.0003392058246205869
0.00028134591991891856
0.0002608979327557553
0.00031595720320321826
0.000330417247389926
0.0003099296412015378
0.00031279794113247227
0.00032911137207323815
0.0002925966117218158
0.0003757366191461021
0.0003953710569347523
0.0003248880563918351
0.0003458934302937122
0.00029945300476359987
0.00031912648468371605
0.00039433253165757366
0.00040362001805094685
0.0003480633659260615
0.00035081744298538634
0.0003640135513968811
0.00033956545903490607
0.00025038164919069755
0.0002754978995189496
0.0002859265038925692
0.00027703227030306604
0.0002825792542128388
0.0003089634786647041
0.0003052950686701285
0.00030561304226884575
0.0002672110709096733
0.00021378967127554842
0.00022918955416638195
0.00022214433963443038
0.0002605543977441302
0.00028210482064339854
0.00025232146563107646
0.0002208738407741312
0.00021660738541329664
0.00010689593308608992
0.00023022777468685975
0.00025437090029548467
0.00023970748861882262
0.00029925811351764694
0.00024299149152016977
0.0002508981407688478
0.00024482084647263827
0.0002455340611875631
0.00011553526045259672
0.0001670377580664703
0.00025989983887554445
0.0002252476317296661
0.00022288739036547035
0.00018844746765982255
0.0002196722544611331
0.00022293120297359791
0.00018190477081566128
0.00012880856264604578
0.00024016282558318294
0.00021247224898021777
0.0002443798394557771
0.00026518494402664653
0.000228690230817761
0.00023351071239567325
0.0002491589683923331
0.00023576853925500265
0.00013352361776057019
0.00030882327196425185
0.0002964344627239019
0.0002978639133204121
0.00032453006971784696
0.00027854234949334274
0.00033189681472084416
0.0002929249998431911
0.0002930999351787066
0.00029285948916111805
0.000266840154046958
0.0002051114757074727
0.00019855685201212723
0.0002323386340674329
0.0002536217578949845
0.0002522686109644525
0.00024386326798779619
0.0002642084913502327
0.00012074495470982741
0.0003060106963946402
0.0003417731887480318
0.0002969304516399379
0.0002945014499279085
0.0003639491907717014
0.0003006389407360301
0.00030831803526831694
0.0003429453361870826
0.0002992970506344354
0.0002649419002653911
0.00030969416375687406
0.00029621322761855414
0.0002920035511879291
0.00028236545372045083
0.00031939702733054166
0.0003362878135079437
0.0003261408032326765
0.00033184273279788184
0.00027601920280191715
0.00030181764962670596
0.00026434509671559493
0.00030872884895550277
0.0003057906659416501
0.00027843066873106843
0.0002561589486438777
0.0002830707669434023
0.0002954364254633577
0.00024546455626806664
0.00020997739019794844
0.00025890860265962893
0.00027207637520742167
0.0002724044030144412
0.00027900936751153594
0.0002785538066938118
0.00024444174822872944
0.00028314173903693223
0.00028757379406514177
0.00030954096016601014
0.00029423019620309634
0.0002630510600987767
0.00028170416879058765
0.00026841792604393583
0.0002470455916445071
0.0002634801326883688
0.0002619520870158334
0.0002786127361321827
0.00030613466907962526
0.00032640837625883294
0.0002949902421743855
0.0002623572042205944
0.00029966740808117745
0.00028220834093540723
0.00029894274195937015
0.0001990472112562318
0.00026743549724608654
0.0002095180666651191
0.0001772373888266418
0.00023377363270068872
0.00024061874555182636
0.0002577829176783428
0.00022668115734605216
0.000234840804104922
0.00014624121961006288
0.00025251939073154086
0.0002523065164724693
0.00019190909597695933
0.00020014111639460303
0.00021408303463885524
0.00019161173990446154
0.00022930111356933935
0.0002136225409226545
0.00012731409297115555
0.0003195932970216693
0.00026615154416840186
0.0002891256614046089
0.00025680088855145486
0.0002738222754565619
0.00023010303187707282
0.00029932451174081824
0.0002141689570586326
0.000271498387638534
0.00033112419132204997
0.0003564452321337592
0.0003475031478218079
0.0003636923283825862
0.00031193947991703413
0.00038693750756765106
0.000344193943750019
0.00032407324817678617
0.0002866117231200263
0.0003162324245126372
0.00033585236962628177
0.0003756736183590865
0.00036966635224858424
0.0003684432019672211
0.0003172715774624739
0.00032890385915812146
0.00041338920393390254
0.00030825017729427067
0.0005186876430902863
0.0002831550973901163
0.0002535340788666004
0.0002848474994278783
0.00034543022430874994
0.00031394831659551454
0.0002778301546137479
0.0003008439961806272
0.00027877660786267903
0.00023548260110903448
0.00021580723884609233
0.00026542126177767035
0.00024048171779876042
0.0002423831486256882
0.00023604328022194576
0.00021184208562714482
0.00029382205127209145
0.00021739579484311478
0.00037959717025426047
0.0003335589436339766
0.0003282484192968598
0.00033331223115034235
0.00033073901273615786
0.00037803565895003596
0.00038123055451019057
0.00034676657589926554
0.00032193503200037953
0.00024652728379027586
0.00024040801775963126
0.00021658753614103775
0.0002667708711192433
0.00026743647102651507
0.00027600350062631116
0.0002827704726275961
0.00023642609667868484
0.00017825914805027145
0.00033246615668141194
0.00033887807538626264
0.0004299609759160938
0.00033025350179864975
0.0003000028291299595
0.00031777789772059626
0.0003191201319347343
0.00027511819782255167
0.00025447724339863363
0.0002201694191862111
0.00026266226381844
0.00024193754602124158
0.00022369369605548106
0.00024399945502682121
0.00024107527127000675
0.00021286231259604038
0.0002766822250138945
0.00014562103120969766
0.0002522343229588612
0.00023512289048918582
0.00023581713662031064
0.0002866103260219502
0.0002716504827413855
0.00029151578948553896
0.00024098373517704905
0.00025590240963759876
0.0001629380263990426
0.00034880178939518294
0.0003426342832843774
0.00040018705763502515
0.0003572954071148998
0.0003645945803987593
0.00034506808216093677
0.00037485235178349346
0.00035020230611900735
0.000327925307321879
0.00027434013459093175
0.0002663190598575934
0.0003276878920035501
0.000329371402358666
0.00026415563001372974
0.0002726096292357138
0.0003016299574510191
0.00031968938890377773
0.000273514461728401
0.0005575629382909136
0.0005298066849960947
0.0005143259221278011
0.000507143198775194
0.0004955442780476655
0.00041718488588335606
0.00039167249888807194
0.0004784439835703317
0.0005001259379745585
0.0004737239910628099
0.00040845363843003044
0.0003746735743593108
0.0003259598097644603
0.00038060283918106964
0.00033929190960375714
0.0004094224067289226
0.00034422257628536376
0.0003739115436944666
0.00025917473994482545
0.000300763613082505
0.0002655229531333811
0.0002744756153738023
0.00027314288979817176
0.00027355443518716876
0.00021942453638323497
0.0002589114585675782
0.00023996523068376958
0.00019236941685667522
0.00021747835394804116
0.00022112894395317153
0.0002534686129288299
0.00023546608342342096
0.00023699634705305728
0.0002449022647846648
0.00025771646193316464
0.00022721477468850553
0.00028383958856879264
0.00027820963897474
0.00033052091539876325
0.0002445401408936305
0.00024926083560480595
0.0002658021885823441
0.0003040842896012124
0.00025791113819362797
0.00028344360719210354
0.00034865109144007346
0.00032659011743898717
0.00030206080769930473
0.000308491564747191
0.000365543472620956
0.00032177552817931105
0.0003376149335193907
0.0002975983173041574
0.00026637468018236995
0.00032862385268944076
0.00026028041691570947
0.0002894308161642966
0.0002929546089209329
0.0002803577222072993
0.0002604007072154043
0.0002846306525734713
0.000267207962776438
0.0001685621394657031
0.00023566827243192955
0.0002507217547070407
0.00025730732565863083
0.0002467331679713822
0.0002591513146906977
0.0002113009796726009
0.00024182917719259606
0.00021602105975912405
0.00015997512905463726
0.0003755511399747188
0.000322185704296311
0.00030011607401908314
0.0002903758420491014
0.00030653823733753653
0.00029445513414283887
0.0003479938902910824
0.0003128138042002469
0.0003323548611444232
0.00036361718559221943
0.00025916972661277533
0.00027052083307563767
0.0002817285750806258
0.00030070995718557686
0.00028812682739840536
0.0003175699072843188
0.00028517896324025234
0.00030884329024789717
0.0002531194526306029
0.00032597366393195506
0.00022263101367188788
0.0002672758103593844
0.0003518309732536093
0.00026130975902190077
0.00026366132260677576
0.0002488902210929834
0.00019125217300525288
0.0002836132488053895
0.00039235646117124335
0.00030127633789403383
0.0003155611666759998
0.00038565121419067435
0.0003160248780147098
0.00031034114532214695
0.000288780929278351
0.00028929206862022454
0.0002455881648999436
0.00026891633205383496
0.0003003643958953896
0.00031115806982287775
0.00024132006722578681
0.00042958596406440894
0.0003061184532890959
0.0002674709942450385
0.00030095160586565684
0.0003290066357423892
0.000273552126453812
0.0002850436057989549
0.00032513673697602915
0.0003094278266387537
0.00029078985613600796
0.00033404542013213724
0.00033192902102380944
0.00029925284390218307
0.0002893140188492607
0.0002626832574066755
0.00028470402033206995
0.00025646454173898004
0.0002689677102482983
0.00027177070396013173
0.0002470574553572163
0.00029001958050666626
0.00026636963422780794
0.0002499878244282747
0.00023660180027670517
0.00029133745743417845
0.00026438993313888633
0.00028430930518302214
0.00031165308978734033
0.0002862665719697918
0.00027082597080971174
0.00019254165394609547
0.0002591774380048421
0.00028078692589033087
0.0002475345893358165
0.00026666918383155504
0.00023265566139126867
0.00028024720271705144
0.0002356826648012836
0.00026131079577266283
0.00015984977036824095
0.000288390635262065
0.0003023386900054811
0.0003452900265581726
0.00029894935326539715
0.0003401578061461152
0.0003186766793522611
0.00029474267371109794
0.0003427681894633553
0.0001975594770212162
0.00033287821994867217
0.00031910933951979215
0.0003511323355299133
0.00038775581519099613
0.000339786407892817
0.00036040858781040354
0.0003425411708237588
0.0003344499057281628
0.0003382036872077554
0.00030657380795118743
0.00029833563256897056
0.00032665463371708505
0.0003602408049062557
0.000302444556833189
0.0003462231803819859
0.0003464333988569354
0.00032952147768277364
0.00035604629580677783
0.0001877148936797582
0.00024650427924026685
0.00024834782890456163
0.00022807493972860457
0.00023007012106122357
0.00020409171301908978
0.00022065700061579834
0.0002388484806946728
0.0001940618139604901
0.0002660995047852858
0.00023572131996683597
0.0002666854657417379
0.0003006429484621075
0.0002827878378183033
0.0002689794534742959
0.00025412899039432954
0.00025153734919434697
0.00025279053156091353
0.0004467074477700962
0.0004628674086429195
0.0005002678965501738
0.0004552608938765554
0.00040317779174865097
0.0003842394527347454
0.0006395161672255163
0.0003564429735790497
0.0004534797662312147
0.0002158455412343274
0.00022751627713519355
0.0002470818316262466
0.00028181684971972633
0.0002496917126697061
0.00027464274915532205
0.0002477469737133853
0.00026511198905168913
0.0002745903607827705
0.0002983054373325721
0.00031890143435646926
0.00026349988087260315
0.0003103655294351246
0.00033030273392036966
0.0002842933259695634
0.00031700451009620433
0.0002775455254531433
0.00038735159226624145
0.00028329560188651977
0.0002525446311496382
0.00028721768741055506
0.00033944177189339193
0.000287796924350714
0.0002771954540764159
0.0002903316987100003
0.0002994784684194193
0.0003302836535373741
0.00037073073471668663
0.0003315905635677904
0.0003933536978796201
0.00038125452756381623
0.0003462647772289126
0.0003251794361802364
0.0003369584620235547
0.0003412916999547981
0.00019649733525090303
0.0003381595275133082
0.00031121718254143593
0.0003001618061656856
0.0002977850191034125
0.0002619330708965792
0.0003335795501001444
0.0003458998724151941
0.0003151151699698786
0.0001617474085740925
0.00027036862051077405
0.00033632996954929356
0.0002356512560831252
0.0003138145750737943
0.0002807468173756074
0.0002629610702555405
0.00027500969470003697
0.00026818673652185176
0.00029386710724250915
0.00036902739806683927
0.00034771407044844504
0.0003272142367975088
0.0002782891765788492
0.0003436387205090942
0.0003323928134214309
0.00031108342425317846
0.00032667930704554765
0.0002919995840471598
0.0002794824351465864
0.0002552969846468202
0.0002540288835516746
0.0002737450799285935
0.00025282676147188684
0.0002689107584594441
0.0002653211455466458
0.000219632209245485
0.00031560881167419535
0.00041238942952118716
0.00027946523870181494
0.000248964526013134
0.00030553512389894184
0.00023363570176535288
0.0002632842178511425
0.0002684394421018405
0.00026231800476175706
0.0002837703951243751
0.00043076546108727134
0.00047112841172657907
0.0003513488896917289
0.0005277278053428594
0.0003710152132176941
0.00041251032828102063
0.0003516367697366598
0.00038632727052553324
0.0004903660924492865
0.0002448713692723447
0.0002729985195257531
0.00026152998875944475
0.00029624709826917147
0.0002624259398837991
0.00022285728619953897
0.00028855928135271947
0.00027010120446139944
0.0002280012869659944
0.00025649694923613836
0.00022089533566308473
0.0003020884104430088
0.0002374630508579843
0.00025093492067951285
0.00023610931461965658
0.00030034807130633186
0.0002449781914161778
0.0001776165220073373
0.00022812643957842706
0.00023116612091587948
0.0002191963651395937
0.00020551153405043462
0.00022175961887403058
0.00022029014396576164
0.0002443735395060786
0.00021443810733102033
0.00019669415491911042
0.00025647332319629347
0.00026345387830265665
0.000260359141676377
0.00026605941226780477
0.00025898055006353434
0.00025353768125518174
0.0002630089295276147
0.0002865482283513162
0.00019401922054846328
0.0002198421161208336
0.00024446445383824884
0.00027643488618092995
0.00023865620876501617
0.00025149165739949417
0.00021431641908458552
0.00024928941269478994
0.000246676053166646
0.0001614375533494448
0.00033993029990263144
0.00027378532965732257
0.00033023294808367
0.00033515878785532314
0.00028046781541505206
0.0003092190821186149
0.0003041377271794093
0.0003383197191302244
0.0002997987351750151
0.00022132657732961008
0.000241089522402696
0.00025935412454229867
0.00019026812766385253
0.00023563881365781428
0.0002222828268739311
0.00023304133395402805
0.0002340037034484752
0.0002351881525926099
0.00031696316065651855
0.00028867857176825677
0.000280893341510609
0.00027737256206224474
0.00026684661718309586
0.0002911850653369106
0.0002803026879633689
0.0002882863653760229
0.00030095818288309494
0.0002448497445277197
0.00027844187089202347
0.0002900025106335286
0.00029932320733896636
0.00024391223170483725
0.00028189659135443207
0.0002412479844735105
0.00028441419373314674
0.00023141501709784132
0.00018447114057597492
0.0002665291495257053
0.00019220373410749447
0.0002291680943322647
0.00020244004417107567
0.00019736358499537445
0.00020937866938993264
0.00020427962061191863
0.00019462003628582702
0.00024583454033283745
0.0003134516499887752
0.00034857638949768645
0.00029892867780955047
0.0002853436295868684
0.00029544408192780076
0.0002836412590182609
0.000286992280511905
0.00022093301945794075
0.000209612186569104
0.00024465464656120867
0.0002158023401115803
0.0002460877384414594
0.0002122696203708673
0.00021757063998187914
0.0002366350447792786
0.00020599915165384926
0.00011745263643517996
0.00019494725959819502
0.00022992313999641118
0.000204367140462247
0.0005574181754579356
0.00016911685388907633
0.0002147076966137926
0.0001801746986185087
0.00020719002119680454
0.000149791456582586
0.00026732614386395945
0.00022356931767308457
0.00026925350256374
0.00021827306123627487
0.0002572156426605585
0.0018089207637734396
0.0002853893388750986
0.0002495524520831467
0.00013949683590481693
0.0002015472043615939
0.00022958681557391292
0.00021800316246845815
0.0019374588957937638
0.00025201109259696147
0.00027657254447594376
0.0002529334320632904
0.00017210757884144034
0.0001265278867569006
0.0002779203473428057
0.0003253426477876374
0.00030737905271738844
0.0002698072439403662
0.00028493070714631695
0.00025708289220415084
0.0002848513146340998
0.00026359313808965056
0.0002859281938630136
0.0001950365777713713
0.00023978495030798166
0.00022618418127360855
0.00023265002875798454
0.00021042057660640833
0.00022017567376138127
0.00019878875375250633
0.00022779468623184193
0.0002224648297129709
0.0002690160854203248
0.00029533511132183205
0.0003025122593771545
0.00035819873470962626
0.0002928072794632228
0.00029008399455800025
0.002533888916145407
0.0010307289739562792
0.0002983244972459159
0.0003593197806968963
0.0003578220640391806
0.00038212742166642005
0.00035599599296198955
0.00036293430170446364
0.0003645398413804548
0.00045782829231178965
0.0003661502974485179
0.00038632618787135464
0.0002466563992972349
0.00025660973058026115
0.0002773949439435208
0.000257156579386731
0.00023502393472440059
0.00024342447413561915
0.0002659907130996679
0.000285791959723417
0.00027827038891137766
0.0002886090361390707
0.00022747714990485228
0.00024601537744147427
0.00024353880532603563
0.0002100362997520677
0.00025428035498870126
0.0002831471300178192
0.0002834376588183636
0.00021757704104313324
0.0002881966535719668
0.0002461983879652513
0.00034390708291539386
0.0002914590523579799
0.00025573378808860583
0.000293170426936289
0.0005858850329269898
0.00026234736162611074
0.00019426008942699638
0.0001740946400470756
0.00018509020013587275
0.00018208600112818956
0.00017769282910801607
0.00016740688522074465
0.00020624150885859062
0.00020036740145492002
0.00020747013119707338
0.00016123847720568736
0.00015454184049535125
0.0002221242254594782
0.00018850615122657332
0.000163108766658687
0.00021874293645478125
0.00016730063764609635
0.00016641330838653324
0.00023711115135611717
0.00011620801121074824
0.0002789764501374714
0.0002622932882184231
0.000307730414503334
0.0002715314708858528
0.0002661891494039854
0.000274185588461122
0.00024818158188967874
0.0002381522684709418
0.000218897947040774
0.00022608314753987715
0.00026983842612492593
0.0002506599397255171
0.000224722761930961
0.0002609897927557428
0.00023045695296404137
0.00022358140635840392
0.0002679602066326533
0.00022984095691802297
0.0003343859612378715
0.0003686994406524648
0.0002621313587390624
0.00024368208717849316
0.0002674002716184339
0.0002802478124371649
0.0003288505560107392
0.0002563737690303273
0.0002121950654420015
0.0002543746700279934
0.00025999989999998883
0.00021526614529117244
0.00021790613013837243
0.00019618568573104346
0.00024386596018933002
0.0002407620258247806
0.0002594986406681897
0.00020761840531567796
0.00025797468749993476
0.00023782425329625689
0.00023871478106022407
0.00026159420434823606
0.000259973022417438
0.00027593902753701846
0.00024243651548875193
0.00021295350012084016
0.00018742423632001393
0.0003383584997236609
0.00033009272520251304
0.0003833580184214414
0.0003496544847442506
0.00034575148356076005
0.00037197297375493913
0.00039854516777629626
0.00036437435363934436
0.0003534498480474517
0.0002148772452208189
0.0002458935947908976
0.000224515343449775
0.00028192968776544533
0.0002659189100270397
0.0002244432701809681
0.00023343927338757706
0.000233205416707564
0.00011546465554868392
0.00022205459932946037
0.0002945827877493921
0.0002614170005310265
0.000237666422151641
0.00021919194503158506
0.00023056639360712953
0.00029065521533064905
0.00021420535627059544
9.953266798874369e-05
0.00022554159483980954
0.00020669106761100493
0.00022029035200348793
0.00021414788454080305
0.00022587837873832306
0.0002247244298519995
0.0002340177707441764
0.00021468106844342507
0.00015079875160513303
0.00031399702397896594
0.0002636319867568119
0.0002542058693224806
0.0002680270952603828
0.00025422559380397936
0.00016351778831735116
0.00021639102230516563
0.00015332794198030976
8.802170030689363e-05
0.0002633803617799022
0.00023311060656171887
0.0006365212707443525
0.00026017061163486504
0.00020697067948630718
0.00012130207855090287
0.00020222245847434993
0.00014921786398851083
9.461650492465328e-05
0.00025222709448827354
0.00027579174324523473
0.0002700733463709472
0.0002643187522978057
0.0002844824381662907
0.0002947039616288518
0.00033847050555916376
0.00032586923079542244
0.0002814819573440364
0.00025314884403204523
0.000568019080578991
0.0002844124767514696
0.00024940725651251467
0.00028427890558024876
0.0007555891521493059
0.0002841776569350112
0.00024029642780662805
0.00015325063104708024
0.00021921021064776777
0.0002193643836330662
0.0002274727099726311
0.00017802395341992512
0.00022775221542744735
0.00023609095383379688
0.00023575442998233754
0.00023398569979338543
0.00013649310595288905
0.00030110114489307043
0.0003089717821295987
0.00034060208076552677
0.00026795599481910226
0.00024758720574975254
0.00026739548787182424
0.00027107896836809156
0.0002912839137077786
0.000208472866219187
0.00034193502628805726
0.0002835344888857195
0.0003172089615684492
0.00032828758114373385
0.00033639849740402206
0.0003613245503189875
0.0002942599384823928
0.00029489690245464834
0.0003237819589959856
0.00024254652832859288
0.00022340286052407074
0.00026190145896932894
0.0002518423056361364
0.0002622861393695159
0.0002247138672089483
0.00022331720652373123
0.00022800944134604293
0.00017244525900076638
0.00018288864151132193
0.00014784843392026995
0.0002141475458932132
0.00020824738151825237
0.00015556184531569797
0.00019766994718232856
0.00015745954068668811
0.0001812692405288081
0.0001222198311467934
0.00022440352794866937
0.0002113206334691983
0.00020118204975965733
0.0002172411072629364
0.00022553140829840212
0.00022875628138641172
0.00022743156986887686
0.00022905383214176237
0.00025888097072497844
0.0001742453455535662
0.0002021749699518296
0.00017083850839154716
0.0002092660015511044
0.00018183325282937403
0.00018007745476869748
0.00019677860694856212
0.00014471942751182314
0.00011323453687136855
0.00021921613550076097
0.00019728397355816245
0.00022823979199011973
0.0002275308333490091
0.00020411445018050502
0.00016705647916032173
0.00020516083701694807
0.00020146114132776037
0.00016599024098597917
0.00031190047774897086
0.0003264988631521508
0.00031568742228246983
0.0002958392486338156
0.00029450038120132854
0.00031841409935573863
0.00032853375941222835
0.0003667096838794027
0.0003276163660986714
0.0002162864352288087
0.00020697182972406609
0.00024594221773774935
0.00020664877454350234
0.00017995960275477967
0.00020955752746841316
0.00020718853420288437
0.00019234228736354355
0.0001890100582905467
0.00031870488360852874
0.0005391233197602736
0.00032143731817321693
0.0003027322190077394
0.0003559364471847842
0.000345209409924729
0.00040143967354704156
0.0003347738194208604
0.0002916376201312691
0.00034736850438328153
0.0003137548320893288
0.0002929680868037402
0.0003134022144550241
0.0002933821952024311
0.0002808642678145153
0.00034775341789245823
0.0002849383084603322
0.00027423010455513087
0.00025676928811444485
0.00030222790413177305
0.0002676148414780041
0.0002565395484203879
0.00026902815327689095
0.0002787140850227093
0.00026761073603162085
0.0002559161225886993
0.00023616702514563047
0.00022652276481787453
0.0002257319902119448
0.0002550567186220795
0.0003152762483543354
0.00025228190232326903
0.00020490673476435974
0.0002220905165390381
0.00025545951097853084
0.00012039217141100898
0.00028373238631930806
0.0002775202013701019
0.0002651897877075653
0.0002458709734003666
0.0002581414564360924
0.00021501797765670203
0.00023781136302068517
0.0003999244831343473
8.043869654224809e-05
0.00021621046558391768
0.00020804024856224516
0.0002447464208600484
0.0002242122106370624
0.0002004940656450817
0.00020310653572385969
0.00023135139851867875
0.0001504493587422337
8.994407758354673e-05
0.0002970504421079652
0.0003154359952793575
0.000352233867714161
0.00031599024624779124
0.00027243552496857286
0.000265753595073996
0.00029203244210398456
0.0001537357139624228
0.00013459203069206573
0.00031616940733256746
0.00026092122003781566
0.0003113014407015348
0.00027002374519537544
0.00028049908168209265
0.00013757909772525175
0.0002978844705006716
0.00012551380589082475
6.495480750289595e-05
0.0003026389606922939
0.00031715838111267647
0.00030593152580563016
0.00032990402976920664
0.00034787280999891163
0.0003100221478815859
0.00033718379154490293
0.0003079642064307729
0.000312677793739498
0.0002355865893185744
0.00023300019986191096
0.0002501055430262922
0.00024048696162631313
0.0002222951377930471
0.0002450938310331173
0.00023636683362091482
0.0002565631664655439
0.00012623048883835469
0.0002205432351648295
0.00023896365204564184
0.00022419021791694676
0.0002490729098480657
0.00023919348870884497
0.0002455237828843681
0.00025140769019565794
0.00022085763554958304
0.00013242137595721984
0.0002812721964097201
0.00025834534200324744
0.0002916414240204587
0.000306259744692211
0.00030027371887620687
0.00028265561014258027
0.00030367131048188265
0.0002490215852224268
0.00018980472732590386
0.0002906562805965873
0.00022859240588375215
0.0002569800334666371
0.00024373203013431895
0.00027387571124040373
0.0002504626161232
0.00022073794844944614
0.0002529643950338716
0.00016562793088808185
0.00019633158912190984
0.00019768458296011554
0.0001977828253361635
0.0001833221380782742
0.00020519728418373474
0.00022256092047618096
0.00017105716687237978
0.00019517619782717037
0.0001264535891643341
0.0001934697723135055
0.00014965266878892163
0.00015160995034993393
0.00021598639308209762
0.0001618715573123914
0.0001777827400088113
0.0001551309547477492
0.0001730340047324544
0.00010681483982074135
0.00017373861998101723
0.00016638164926516326
0.0001889280657045167
0.00017618124116994016
0.00018227776955473878
0.00018806225896596298
0.00020984509986967553
0.00015894168684467064
9.34783445540577e-05
0.0001813734410058601
0.0009798570051681307
0.0001815480705448892
0.00020316853071746636
0.00015914918343843784
0.00015811175147924548
0.0002033005313435153
0.0001374852717119796
0.00014718211564971226
0.00016142266893713454
0.00014764865944702754
0.0001854723714944316
0.00015160191086233512
0.00017211176877259936
0.00013055676417721826
0.00013195427726366644
0.0001585741456285827
0.0001279037487527106
0.00023908153908228539
0.0001979915864047377
0.00025995154899207166
0.00022118423966764657
0.00026558095260350206
0.00023976399795749113
0.00022524813600364823
0.0002682416334603727
0.00019848825482340776
0.00019338190059331787
0.00021934533778099655
0.0001852115350635769
0.00022689958992737954
0.000148385122069615
0.0001968778373848472
0.00019283238561371117
0.00022554118377781973
0.00016335678415507136
0.0002506256976975292
0.0002093405004969337
0.00020295573498278993
0.0002030539941347937
0.00021880206735330998
0.00017115457658610983
0.00020371761958365732
0.00020997764587100528
0.00012656078002643665
0.00029631769869168783
0.00027237383143248966
0.00025951178396045474
0.0002559612470391455
0.0002720647096728688
0.0003328288036593758
0.00028240476087529836
0.00029106970789342403
0.00018156296662562277
0.0002604258352482354
0.0002927376448261531
0.0002791712426032216
0.00032836704744458275
0.0003054512776541129
0.00025588187234163893
0.0003025361416264299
0.0003221580784213307
0.00012169250861112434
0.0002529272204074209
0.00021627222753378616
0.0002318322932144588
0.00021833167904475954
0.0002307276895179281
0.0002020950793228825
0.0002246008157422729
0.000219520667774988
7.702950701509778e-05
0.000243272179034288
0.00025500579194269696
0.0002494486554064697
0.00027190102739609837
0.0002002507024384158
0.00013764124726624283
0.00026370750703866107
0.00019441717197018777
0.00011399167639807037
0.00031432762144421617
0.0002714650582985509
0.00023318360018571296
0.0002750571515858133
0.0002372299226108079
0.00011061745905381733
0.00030451470732218214
9.464734762954989e-05
8.891763915528941e-05
0.00034721704559002907
0.00025338727962448014
0.00024701817197567784
0.00025555944373424
0.0002800107003237632
0.00012981405762219514
0.00033402053611029426
0.00013025724654439153
0.00012760550824283693
0.00026976370259158426
0.00021884139489512783
0.0002410025883123995
0.00024602840974400584
0.00023012549204325106
7.988261555940543e-05
0.00026371206628336496
9.190551492614962e-05
6.36665518607818e-05
0.0003011525829149769
0.0003183146845687726
0.00035892469781630604
0.0003277182589037241
0.0003459135360887357
0.00034052656557473306
0.0003190029580818815
0.00031729315829339295
0.0002605093535816427
0.0002168903641849542
0.00020868773790539292
0.00023554348227508925
0.00021133356160256655
0.0001969861607062476
0.00019643918613108542
0.0002033323653060337
0.0001937948324921732
0.00010406469759858099
0.0001966493944840413
0.0002179197302324523
0.0002062168804803472
0.00022608942763018865
0.00027902111327343806
0.00022235362264095827
0.00019957119778426976
0.0001906369877300768
0.0001054768622205816
0.00024818825783743233
0.00021755404562695898
0.00024150802823999767
0.0002001253691850782
0.00020883517929295818
0.00021893425443177578
0.0002618887900999045
0.00025513825428003976
0.00013798513480180874
0.00021008323449584458
0.0002645048446159541
0.00023098529768961356
0.00019702537271151866
0.00021675642873195114
0.00023826954273404447
0.00022062884976287435
0.00021864969590431682
0.00011449837605584856
0.00023570548867358094
0.00024794863001910167
0.0002069095662937072
0.00019730546876738336
0.00019699660182552733
0.00018251744277825074
0.0002046279540114666
0.00023991091152489213
0.0001691021934113816
0.00029738897908838745
0.00028282683347635593
0.00024226153189330015
0.0003317089598941177
0.00024597560519283216
0.0002661201941883323
0.00025211622953311954
0.00025456841125562856
0.00021993210845761956
0.00024280234670221126
0.0002054285284708408
0.00019344130108285508
0.00021819445459429076
0.00021871411073733722
0.00020857220711310018
0.0002711602258942359
0.00022949303454573261
0.00017198505168512798
0.00017780614794450414
0.0002154622178103149
0.00022836603383122003
0.00018884516205361048
0.00022598907597990735
0.00012433271769817203
0.00015813772493759114
0.00010967171850756116
0.00010491392913325005
0.0002033497182693045
0.00024009405228891836
0.00023008474444277704
0.00022899785464238674
0.00022326854485110262
0.00018557481881669138
0.0002470826520313955
0.00016407095366049906
0.00016883976615427698
0.00025184989973727276
0.00022723375675536597
0.0002179371142108798
0.00021216662272889378
0.0002303880026310317
0.0002551967324661074
0.00020353413650798938
0.0002445739156861402
0.0002564484198821579
0.00025014209366289994
0.00023800992220903027
0.0002507221076298789
0.00023380917561522567
0.0002047360069830423
0.0002457200113340709
0.00029267391244646243
0.00022153353393282538
0.00017843134177389445
0.0002033803178689298
0.00019927598720023836
0.00019639816778559033
0.00019988978890838683
0.00019910304702540772
0.00016834605106620562
0.0001915278051425951
0.00017405791537825437
0.00013562619913979197
0.00027730147226978527
0.00025635924929186374
0.00021590181181373752
0.00022964870854908775
0.0002497121172159831
0.00022501380420441566
0.0002539289502144208
0.00023388020117785734
0.00015793292685168018
0.0002989237167192087
0.00030762245731995953
0.000322039870559179
0.0003213217887876749
0.0002461578436795456
0.0002673097655420374
0.0003107817036974466
0.00035023481668001636
0.0002010201319192327
0.0004290283251581728
0.00026585443056202743
0.00022200066165603893
0.0002585017136734308
0.00025511823734760195
0.0002157189556329361
0.00031029613436193846
0.00021503733618898372
0.00010579783945837991
0.0002512588694159335
0.0002254578170711522
0.0002544991697559416
0.0002744475194919433
0.00024867381548229224
0.00012469858210449825
0.00020311808347993373
0.0001687925378164868
0.00011524827271512283
0.0002957921295855173
0.0002663000959250582
0.000373629796613446
0.00026547317567256825
0.0002701108975529072
0.00014403067101154658
0.0002906884156601068
0.0001751382065715859
0.0010065044902242155
0.00031057879522330034
0.00025496145136544
0.00027326053611196455
0.0002855346571276577
0.00016816698923464524
0.00012752185047269567
0.0005990754569833262
0.00011515856361278796
5.3138581062674286e-05
0.0003138847169814387
0.0027634773340219554
0.0005138469015490002
0.0002769380966100171
0.0002467270282416539
0.00011161225248420417
0.00026889570850468857
0.00015025646144034468
7.398515463960153e-05
0.00027995020312933687
0.0002483362274267203
0.00027308254395003726
0.00027748055125915874
0.00020772327579928065
0.0002635749246639196
0.00024077007567711595
0.00025437818440664445
0.00020520589734178874
0.0002769747443930208
0.00030422076878688865
0.0003200761253177486
0.00028735719828892875
0.00025893246423522456
0.0002871234609755075
0.00022693964047908744
0.0002694448190316735
0.00014738940709284177
0.0003056184054070752
0.0002453201534388349
0.0002536048958600079
0.0002742529702342904
0.00027758683481877283
0.00029799529749294966
0.0003046529054197239
0.0002923211295985553
0.0001297999225322715
0.00025275426918085583
0.00027763047835335157
0.000289087956355901
0.00026753695371013275
0.00029978926710133753
0.00026490559261288163
0.0002791774306763159
0.00027382680960786205
0.00012609109605715783
0.0003247444763704755
0.00032005993036250533
0.00027856246522657183
0.000278115386831926
0.00033103724658383984
0.00032363900231720103
0.00033256648750914765
0.00028923148470345607
0.0002084264199187855
0.00032321176181700933
0.00032544784543094864
0.0003344296041144331
0.0003484268265021321
0.00037727274686532187
0.00032475617785467174
0.00030190665286391333
0.0003018410138476726
0.00030602722351872626
0.0002638743106274097
0.0002205513857019432
0.0001738388620062106
0.0001793538666098514
0.00024123246897142788
0.00023403678110651353
0.00021449746376167887
0.00022393575932480592
0.000233066186657197
0.0004045122287890555
0.0004441364182134216
0.00044149704388283005
0.00047271822243469296
0.00046068518229108
0.0004098736138113621
0.0004227158993620733
0.0004380489925758561
0.0003513186922323342
0.0003013813331272947
0.00033251918100933955
0.0003121095293976742
0.00030550682128628224
0.00029268397424943657
0.00034524867462327254
0.00026848984129167907
0.00033712425713468475
0.00029089889755027845
0.00023876100192882633
0.0002536100923585844
0.00025978984354248057
0.0002488038248512492
0.0002519240019687798
0.00026929487345161686
0.0002710861221130542
0.00023738561872568012
0.00023561515996173174
0.0004944078212552326
0.0006736102456381219
0.00043886145790247643
0.0004538264987318509
0.00041008761061201316
0.0005964872088768756
0.00045688952399497017
0.00036303866759014895
0.0004609023228757085
0.00024098955882968985
0.00021573642587693006
0.00024549461306311673
0.00027406302199815136
0.00030090349723894223
0.0002657956078434788
0.00021478741076336842
0.0002239640360628571
0.0002419698952593211
0.0002964773220821676
0.0002837000521341205
0.0004212184543233497
0.0002648146701409781
0.00024932995695685676
0.00026992646452079377
0.0002689961804900696
0.000257062583487599
0.00027397710324573635
0.00026649620945721954
0.0002871106036870521
0.0002703679310549334
0.0002661315460393789
0.00023844240388932764
0.0003689320434188173
0.00031552537915994415
0.00031021432864325975
0.0002731616242460533
0.00025007294204865284
0.00030750726843415766
0.00036171678363841836
0.0003428544610416122
0.00028464395466864704
0.0002572735551963219
0.00029716372307891687
0.0003075573828365531
0.00032407833188576474
0.000277107278678441
0.00022316206859480603
0.00024136878839835154
0.0003610716739534553
0.00026111526164590153
0.00021752937970501897
0.0002492579761105233
0.00023007634736352852
0.00020036087364795887
0.00023822255412604467
0.00025770358148843875
0.000259130783441793
0.00024264000502518052
0.00025782435807092635
0.00025613159926291565
0.0002559107031434056
0.00019714778028806447
0.00028195549159945994
0.00037753918622431736
0.0003357247498664484
0.0003246400700100825
0.0003468380794698915
0.0003085092419687256
0.00032357083388079966
0.0003150096345236015
0.00030028868625568895
0.00033998534660098723
0.0003260002954237446
0.00031373226114170575
0.0003665302045407111
0.00031579472818962025
0.0003281842658009246
0.0003125561149772282
0.00033427089871322044
0.0003392867526549974
0.0003141127005327775
0.00024712053646706937
0.0002258378440375847
0.00027386057262103193
0.0002869168557793192
0.00030387865017809647
0.0002786233416679273
0.00029669284682838794
0.00027584006728315075
0.0002613366342892892
0.0003446854918610267
0.00032351262651185404
0.00034122876755550565
0.00033153971878807685
0.0002939949374007272
0.0002844140012790619
0.0002925259703957358
0.0003120628124911464
0.00029682784763090383
0.00028898357214709536
0.0002764174431928549
0.00028739461274438947
0.000287661064007389
0.000280156036516921
0.00032499430434170803
0.0002770637999663421
0.0003011560333586393
0.00025172328642893014
0.0003138032523073614
0.0003014837834266935
0.00025991710935199596
0.00024786898876345907
0.00027016228796364594
0.0002894685230262637
0.00024754885390854917
0.0002713792455167356
0.0003430517669447479
0.00027754190802537404
0.00029628691617351286
0.00030425401321054437
0.00030560373497257504
0.00032170889347649594
0.00032334244820454326
0.00033572415788494766
0.0003145685490065047
0.0003540490973027479
0.00022595051240826278
0.00023407049883822294
0.00023791662103881517
0.00025602841861630335
0.0002330829112125213
0.00023790216320188258
0.000244472919048344
0.00021431757434993033
0.00023293776821167985
0.0002973135579674374
0.0003054683722029183
0.0002927557760445767
0.0002351769333047327
0.00028176550140622113
0.00028920767629640894
0.00032723809424765383
0.00027394102318420075
0.00029425380222620015
0.0003515271857640307
0.00033383722847257053
0.0003546720098747813
0.0003172705216229911
0.0003205583657939806
0.00032301691565644956
0.00034591649025609547
0.00031628146008248016
0.00026774324229908295
0.0003062746494621889
0.00027182201582694014
0.00022599244190625733
0.00031539258448937205
0.0002092154651088101
0.00025396792312972
0.00023188675623282194
0.00026650253609739267
0.00020690799455198958
0.0003099429151770044
0.00020477156730232043
0.00020745703524843801
0.0002146565574669288
0.00024302227938008766
0.0002483512354566512
0.0002445806071652226
0.0002580200420312766
0.00018170232112619316
0.0003889689318048495
0.0003024642886615558
0.00033475552208033215
0.0003870610763698282
0.0003897270561922056
0.00034527823955791324
0.0003608638801856853
0.00035552787511340965
0.00029855497550327985
0.0002452034590990955
0.0002828349212675484
0.0002665867613420497
0.0002556139596105441
0.00022450941131381394
0.0002569033348885447
0.00022268689132716514
0.0002460824532279557
0.00023723726263303655
0.00037469825009062873
0.0004879174459644856
0.0005769381969374242
0.00040224861812534015
0.00038295284082656375
0.0006968905001849665
0.00042324090078488876
0.000460225649999707
0.0003952074417439644
0.00022674333574491669
0.00023705615623971371
0.00027472315941814914
0.0002628512348066401
0.00030258958699011957
0.00025847825287458626
0.0002653311232265651
0.0002786085531054517
0.00017577076982362965
0.00036646075308142923
0.000324687361406732
0.00032313974671936154
0.00037476079234775124
0.0003499200554558905
0.0003360637230506333
0.00034468288614021087
0.00037094825089125256
0.0002885487430333468
0.0003403833463385421
0.0003443335045834325
0.00032245617358343966
0.00037702341854264817
0.0003678122979242007
0.0003553687075682816
0.00033261382243001964
0.0003426125665454336
0.000309777863578957
0.00023529764122478446
0.0002621925128192697
0.00025851256789244636
0.00023121553494781502
0.00032396862276684005
0.00022301971672262065
0.00020904976732676273
0.00026132571004143626
0.00017038613685685622
0.00021990964990495804
0.00029670648098139375
0.00023915881656970652
0.000266827521721077
0.0002323908482791948
0.00023616466687194818
0.0002785520005524381
0.00024761511195686605
0.00013036737925907734
0.00023775987146638694
0.0002795039934979364
0.0002515245896818794
0.00024043947033861181
0.00024266126032463026
0.00022734663084407713
0.0002456587187659131
0.000268968252364046
0.00013649237600785074
0.0002489854139425104
0.00024045468780732468
0.00020091040725162264
0.00024112375001976717
0.00022764807032589474
0.00020826934423522536
0.00019927911269501176
0.0002431330859841129
7.760652915145914e-05
0.00032839748079121567
0.00023771280819336662
0.0002517011704704308
0.0002041753855897967
0.00024494934077935114
0.00023223152339485708
0.0002223529104262513
0.00021746559239486774
0.00011123759625286404
0.00031364325911937933
0.00033585691226388584
0.0003094167123782319
0.0002753723094233629
0.0003265834936143129
0.00028887550374719415
0.0003375352390264088
0.0004218366649006861
0.0002922452185418299
0.00026398224099722105
0.0002637316500862086
0.00034570954949286476
0.00048588765431808404
0.0003025164497898026
0.00028663793290377004
0.00033583648311501214
0.00026987635786623594
0.00018788835753278922
0.00025558155879644884
0.0002565713231491559
0.0003265745967799647
0.0002697053364097365
0.0002383785015380034
0.00024491660069776315
0.0002348961087711796
0.00025266663282699786
0.000155087199581582
0.00028428043309535736
0.00028609176543916223
0.00024627743666245136
0.00024219968870355191
0.00023777243885079503
0.0002810310870749565
0.00026514291490853164
0.0002945288614240834
0.0002750968216782371
0.00034101959241720527
0.00036987551529321774
0.00034409948335643463
0.00034917195115573383
0.0003606354144644736
0.00029950967955534266
0.00034594641961594765
0.0003857014683389054
0.00040209472957693926
0.00032333798039424423
0.0003685894558311797
0.0003476679488832911
0.00032139867183501696
0.0003023048731093837
0.00033972429515097594
0.00037302665859766636
0.0003322180870529637
0.00035511189827687245
0.0002802321359662319
0.00027800807061604497
0.0003078852023700487
0.00030598441416261076
0.00036241365351400876
0.00025791954754005817
0.0003166781607504808
0.00026228143599386016
0.0002677913047231778
0.000304285901295433
0.00039621254277494983
0.0002869719226628343
0.0002779757805839297
0.0003470973612954337
0.00026919132109080814
0.0002654161502228018
0.00024730292523399616
0.00024658733586352296
0.00027810217349764335
0.00031942978735384085
0.0002724600755026874
0.0002616656663727728
0.00024202561962365703
0.00024397836515547292
0.0002743843808235295
0.00028612433841888364
0.00015701347589814108
0.00023450203941748388
0.0002448723338390538
0.00025674995037142936
0.0002598779371122859
0.00024051733743729503
0.0002380780030080421
0.00021792458134186425
0.0002513839281330317
0.0001957550693008547
0.0002594107522067584
0.00020592375017462582
0.00022701385869063325
0.00023703435707805417
0.00021082801517318666
0.00021674933402139235
0.0002390962727455104
0.0002574451825258962
0.00023878170151004564
0.00028898392892961165
0.0003376838261742904
0.00033637548759492833
0.0003220344989484437
0.00031380354177725883
0.00031633932500276787
0.00030186837750474513
0.0003280349915924668
0.00026316578858492424
0.00028883950032688565
0.0001905192755003665
0.00025215597569926563
0.0005485700469478972
0.0002776328070182788
0.00024829679778575224
0.00020588715685808433
0.0002930028848510591
0.0002905661150271901
0.0001968760873156846
0.00021474005416387168
0.0002945490394837561
0.0002102407670411681
0.00020717518444880682
0.00022050543496512627
0.00024835914625427434
0.00020363685998723042
0.00018767366208323504
0.00025576147308269554
0.00023877127370155145
0.00024359310099458258
0.00024679790215305033
0.00025373818145344113
0.00021139569097692953
0.00022533542634502272
0.0002635753116396812
0.00028848746744605645
0.00028046971493415077
0.00025795141716214497
0.00024179399140015814
0.000306702829983406
0.00023885798160848672
0.0002274484629324068
0.00023689088331457187
0.0002775541633846647
0.00023754627937658788
0.00021101628576422412
0.00022256026972089106
0.00020684257042286736
0.00021201371209176188
0.00023191771527483857
0.00024196579691711172
0.00025197144884718086
0.00023204807728508596
0.00012154697278234791
0.0002537861331053172
0.00027545464821385006
0.00020668637234015058
0.00021003428556749253
0.00022466974440703798
0.00022770880188296988
0.0002813549014874591
0.00022748084503452273
0.00010378659221637627
0.0002673620531844955
0.0003056305789285973
0.0002290462977067317
0.0002618518667993071
0.00022035360891875774
0.0002807771349810833
0.0002581359546861136
0.00021249300913439987
0.00014064940008809795
0.0002226930628628623
0.0002249310044423403
0.00024730753260815256
0.00026824398995796124
0.0002697299660504333
0.00022658631520588857
0.00024377784080646908
0.00022197200840300466
0.00012612970753753998
0.00016153066115154883
0.0002095621534455216
0.0001761513454678918
0.000245530100874583
0.00018088985000153703
0.00024758670209201457
0.0002338474328077501
0.00019194496745879007
0.00023016055897802902
0.00022939299453347337
0.00023104693001394283
0.00023006112898797798
0.00027839983915895915
0.00036510397713347437
0.00023806323269108922
0.00025275503506405974
0.00023445843949603505
0.00017498121482436205
0.0004593244443255977
0.0002752303385275511
0.0003507824133026987
0.0003602695006460413
0.0003329321388274627
0.0004106561408353537
0.00032727450157269826
0.00028375601964992386
0.00026304440489179147
0.00025186760968663177
0.0003287171877604936
0.0003012331483057344
0.0003458551519249837
0.0003168905304746176
0.0002951080232786058
0.00031091197951680315
0.0003518886929677308
0.0003229802889710302
0.00023619424333377612
0.0002629641896141074
0.00022684475737423125
0.00029542752174825367
0.00022255437362557812
0.0002530675527219757
0.00029202825201400754
0.00024070062019785235
0.00021680141690163374
0.000361028108341627
0.00026757026717841753
0.00032382620348031787
0.0002884429660470373
0.00031452311824300706
0.0003291115716201227
0.00030942908633051257
0.00036311755608151757
0.0003192181858619472
0.0002724798491359709
0.0003452869016595744
0.0002996488083776743
0.00021601470448374526
0.0002498981528680692
0.000315111003421715
0.0002979631995934672
0.00028228809684716435
0.00024268166445354423
0.00034838221007915513
0.00028712029285370296
0.0003479360586033702
0.00031294760799770096
0.0003181834863197074
0.0003787711903449868
0.00033366710521202497
0.00034372758452028157
0.00019612612423934583
0.00026087052363368113
0.00025939520700513064
0.00025516990591085807
0.00024336305872756458
0.00026501191709678366
0.0002466363485188168
0.0002467923498896304
0.0002062652054620864
0.0001780355479235973
0.0002359322583179564
0.0002501967824338487
0.0002499010777718926
0.0002643771371557517
0.00025698881140660086
0.0002440317900696706
0.00023969723052517578
0.00026708373527408006
0.00015312906572984103
0.00026184369777463104
0.0002651015024823897
0.0002890237574190085
0.00023686331836573154
0.0002652544793902495
0.00029587621231642164
0.0003034250793009131
0.00030583394955628244
0.0002682649057364568
0.00033153894588792293
0.00043476466633776467
0.00032629075062599015
0.00030443458360438164
0.0002948462117871424
0.0003538460406674391
0.0003903446976818657
0.00031671241428942235
0.0003132471240988556
0.00031060521719259
0.0002578221894346837
0.0002669097680400487
0.0002701410646539119
0.00026602563410256524
0.00033849234975752527
0.00034509773748026766
0.0002859480556897008
0.00024346524482024562
0.0003325072136943341
0.0005051030789050558
0.0002963392807077395
0.0003874496618577334
0.00041494569712468725
0.0004974334812289364
0.0003549330988847509
0.0005569117136814723
0.0007827976295811831
0.00025273662521731915
0.00022613868539938357
0.0002574963307690083
0.0002737279347545013
0.00038733757131885607
0.00023749183311178515
0.00025211439919030517
0.000233396764333534
0.0002989163719677001
0.0003276665613542178
0.0003583097990103792
0.0003218318052743212
0.00032132695686668683
0.0003362597148184134
0.0003066060161035203
0.00033595472052356005
0.0003302444673581517
0.00034247844289172943
0.0002935884061299805
0.0003153372088336826
0.00029631715133441146
0.00024089134285833685
0.0002594776796668387
0.0002734196166321321
0.0002931839146672453
0.0002892512567997654
0.00017740244753626272
0.00025836913711226603
0.00028593898597403225
0.0002629409722956616
0.0003470813658934144
0.0002316294721422654
0.0002974473664102256
0.00027585785919188855
0.0002837690364898142
0.00018520148936887674
0.00023502720160974543
0.00031515211743691167
0.0002231548369777325
0.0002703066012058675
0.00026596135160984085
0.00029617645752656925
0.0002593478331202706
0.0002438525330607723
0.00018208235930560108
0.000265547493775329
0.0002708277070394664
0.00023917499646089062
0.0002807349458573881
0.000262483322075494
0.0002752360968878964
0.00027543889957247286
0.0002844054575707217
0.00019328779506409471
0.0003112695110970517
0.0004827157763847621
0.0003369529688722059
0.0002816193036771707
0.0003309741616703536
0.0003312818266920031
0.0003037707883077513
0.0003736304902862191
0.00032492804086246775
0.00023451414200768953
0.00034569316290739515
0.0003702920326931028
0.00026995587860782885
0.00026597267397956357
0.0002764287085800945
0.0003017359946208347
0.0002533215406557583
0.000280878025393675
0.000344651850362624
0.0003915741573060106
0.00039839940623861297
0.00039419570460667955
0.00031507392207678057
0.00038009964739371227
0.00036067322727135917
0.0003419583211883498
0.0003579870081240297
0.00034101398835080125
0.0004058125325543546
0.00037111692680055097
0.0003567234017197373
0.00041082645117410484
0.00037271947589214
0.00042289854596455276
0.00038508856765240323
0.0003562690904944027
0.0002733759134195965
0.00022704087603946796
0.0002909171396066947
0.00027406870343033913
0.0003052387491846802
0.0002971624387504159
0.0002929520660445786
0.00028267797657718533
0.00047495876207983515
0.00028637787116360353
0.0003299395358903811
0.0002540207813172249
0.0002724418593227177
0.0002758517744778959
0.00028931548820330304
0.000256581762545187
0.00029886086141101177
0.0002579394760558225
0.00040485959123919
0.00044905992535585376
0.00035926074104746517
0.00036593210195150525
0.00039236787984925326
0.000380653794319984
0.0004013782789971856
0.0003730364327006347
0.00037280939886531045
0.00024774500481155936
0.0002472547255886188
0.0002573730278991375
0.00024229747303963168
0.00027585607065237956
0.0002879912108846365
0.0002970728988263498
0.00027283023709922226
0.0001758030693798536
0.00033136763840391106
0.00027482216200530027
0.00027415583935698175
0.00031570845990363465
0.00031842509197961143
0.000280596411483516
0.0002896716980325115
0.00032625695527618175
0.00015846098367150812
0.000315073579736122
0.0003045764479744872
0.00032443192088094157
0.0003149074945925977
0.0003361390812523643
0.0003515913183459826
0.0003716454056079294
0.00033828357693915356
0.0002460775838945104
0.00026371106232729347
0.0002556422504000349
0.0002958413025996768
0.0002746130252561284
0.0003039628904385485
0.00024894515016229876
0.00028421195773827636
0.00029599327630806593
0.00033341584357536233
0.00026146639710101
0.00027738086296166933
0.00033788852853955956
0.00030102649731289445
0.00032141105334899657
0.00030413030331859437
0.0003243763516756423
0.00036223909797466857
0.0002936837897931302
0.0002308925241320986
0.000292835859090907
0.00025708981728878765
0.00025248555659723547
0.00022289188992338912
0.00030137976338633803
0.0003204843340709721
0.00021779344897159407
0.00023875817102891813
0.00041647857308470406
0.0002619643476431457
0.0001845718042068532
0.00021661852771665577
0.00021527288108579565
0.00025083546705538496
0.0002371113471587471
0.00018928170309454644
0.0002151616308985424
0.00042170353224836246
0.0004248902654214081
0.00043931278596411906
0.0004387345993015961
0.0004090232076411879
0.0003734849061599204
0.0003482225646973633
0.00043588862836731255
0.0004355475632419777
0.0003170354335482864
0.00032144137714119577
0.00035487665366619627
0.0003897416545461517
0.0002798178619178041
0.0003293555147956011
0.00030683327765921795
0.0003495180257978757
0.0003073859883945044
0.0002865442716469694
0.0002435415948649144
0.000303227717065428
0.0002765072801520696
0.0002430414670555102
0.00023176768997171715
0.0002635149919742727
0.0002438269394014977
0.000264400784115472
0.0002553122646305577
0.00027764454781564394
0.0002756727454330633
0.0002901561902941993
0.00026251678798524435
0.000262716232567479
0.00028333634139625027
0.0002889446985291485
0.00019784564391290578
0.00024366333934216732
0.000270863471958433
0.00023718584544362264
0.00022962642738416528
0.00024141955706745883
0.0003168177805066745
0.00026726019819712366
0.0002751202751694851
0.0001789955604812444
0.0003099094119102348
0.0002762543018644166
0.0002892167404327361
0.00030236317624779706
0.00033378987814903344
0.0003105832558744372
0.00025467916490979985
0.0003030761949040122
0.00014661115540944234
0.0002846787664060757
0.00031758852263040336
0.00031391423717204333
0.00032367253538611755
0.00029201845247963125
0.0002968075925606683
0.00030894615412109386
0.0002804844725297937
0.0002553126970443172
0.0003914160658185698
0.0003508758160036623
0.0002807953537794365
0.00025890666376223023
0.0003416519186333582
0.0004307379470462617
0.0003166201774735301
0.00030228045565629106
0.00029942621608573876
0.00034500841986893427
0.000329173391441957
0.0003310231786062821
0.0003078982112827919
0.00032859827179402494
0.0002614688964249601
0.0003225252784883905
0.00031867486162388505
0.00032531803068790323
0.00036468207273403994
0.00037619031959682816
0.00032750937323010527
0.00030829549132107035
0.0003124570825194993
0.00028105063142525006
0.0003594569748080986
0.0003850119373003531
0.0003210122639953297
0.00036669633451332135
0.00034866591719679937
0.00037250169954576953
0.0003830829639299123
0.00036483347944177925
0.00037580736767797105
0.00037331576826489196
0.0003693758678855951
0.00038507725857462417
